[
    {
        "main/loss": 1037.1897163892447,
        "main/MAE": 9.072191469415827,
        "validation/main/loss": 749.826467354713,
        "validation/main/MAE": 7.213693238670331,
        "epoch": 1,
        "iteration": 3348,
        "elapsed_time": 197.599919901
    },
    {
        "main/loss": 500.1038079285999,
        "main/MAE": 5.927161561577292,
        "validation/main/loss": 517.4640046167488,
        "validation/main/MAE": 5.737751833863361,
        "epoch": 2,
        "iteration": 6695,
        "elapsed_time": 408.356701223
    }
]